1.35
1.34
1.35
1.35
1.36
1.35
1.36
2.10
2.15
2.85
2.90
3.48
3.52
3.96
3.99
4.02
4.08
4.02
4.08
4.02
4.06
4.02
4.06
4.02
4.06
4.02
4.06
4.02
4.06
4.00
4.04
3.79
3.82
3.56
3.58
3.34
3.36
3.16
3.17
2.96
2.97
2.77
2.78
2.61
2.62
2.46
2.47
2.34
2.35
2.24
2.27
2.15
2.18
2.08
2.10
2.02
2.04
1.98
2.00
1.96
1.97
1.93
1.94
1.89
1.90
1.86
1.87
1.82
1.83
1.79
1.80
1.74
1.75
1.72
1.72
1.69
1.70
1.66
1.67
1.63
1.63
1.59
1.60
1.57
1.59
1.56
1.59
1.57
1.58
1.56
1.57
1.56
1.57
1.55
1.57
1.55
1.57
1.55
1.57
1.55
1.57
1.55
1.56
1.55
1.56
1.56
1.57
1.56
1.57
1.57
1.58
1.57
1.58
1.56
1.57
1.56
1.57
1.56
1.23
1.23
